# Seeds used for the experiment
# Format: index seed
0 307818
1 499064
2 126575
3 267074
4 553280
5 551124
6 549008
7 808329
8 939670
9 885529
10 387922
11 826866
12 736078
13 508195
14 929203
15 150653
16 873444
17 846182
18 47223
19 771729
20 677031
21 866433
22 875738
23 583561
24 886880
25 658925
26 989969
27 511738
28 871476
29 190943
30 582076
31 968243
32 291573
33 855338
34 212275
35 819844
36 828542
37 177496
38 951142
39 633128
40 694058
41 365204
42 985209
43 334143
44 845444
45 206939
46 667474
47 565209
48 390620
49 665022
50 78510
51 269273
52 139602
53 823124
54 382712
55 488240
56 226295
57 649941
58 782631
59 203155
60 734903
61 820895
62 299076
63 217818
64 373994
65 125068
66 966197
67 185275
68 546935
69 251813
70 798723
71 475126
72 557549
73 108307
74 501886
75 955941
76 122202
77 417294
78 924578
79 112497
80 59904
81 780645
82 439712
83 324027
84 687024
85 170333
86 760400
87 926715
88 209078
89 579610
90 474877
91 517595
92 636149
93 881661
94 741233
95 311290
96 645979
97 730035
98 182664
99 496282
100 928674
101 465283
102 466989
103 264345
104 531571
105 581793
106 86826
107 171470
108 277593
109 906162
110 891663
111 347461
112 812872
113 159623
114 451938
115 142954
116 774771
117 678348
118 861549
119 103432
120 498215
121 432439
122 431754
123 403252
124 658558
125 330336
126 359084
127 527088
128 135257
129 256686
130 363706
131 498166
132 732631
133 488354
134 11468
135 595157
136 504598
137 68854
138 906051
139 571622
140 5298
141 117260
142 721107
143 809127
144 804234
145 142659
146 172516
147 71744
148 198603
149 216808
150 331325
151 235289
152 188947
153 370113
154 36611
155 617108
156 957688
157 88566
158 103648
159 605881
160 259616
161 435592
162 42851
163 316516
164 759716
165 956916
166 842644
167 974889
168 958867
169 67987
170 64928
171 714496
172 54280
173 233234
174 594983
175 875098
176 538400
177 486637
178 295141
179 285238
